r:0 3 6 9 10 12
c:0 1 4 0 1 2 1 2 4 3 0 4
v:1.000000 2.000000 3.000000 4.000000 5.000000 6.000000 7.000000 8.000000 9.000000 10.000000 11.000000 12.000000
1.00 2.00 0.00 0.00 3.00
4.00 5.00 6.00 0.00 0.00
0.00 7.00 8.00 0.00 9.00
0.00 0.00 0.00 10.00 0.00
11.00 0.00 0.00 0.00 12.00

1.00 2.00 0.00 0.00 3.00
4.00 5.00 6.00 0.00 0.00
0.00 7.00 8.00 0.00 9.00
0.00 0.00 0.00 10.00 0.00
11.00 0.00 0.00 0.00 12.00

Diff = 0
r:0 3 6 9 10 12
c:1 2 4 0 1 2 0 1 4 3 0 4
v:7.000000 8.000000 9.000000 4.000000 5.000000 6.000000 1.000000 2.000000 3.000000 10.000000 11.000000 12.000000
0.00 7.00 8.00 0.00 9.00
4.00 5.00 6.00 0.00 0.00
1.00 2.00 0.00 0.00 3.00
0.00 0.00 0.00 10.00 0.00
11.00 0.00 0.00 0.00 12.00

0.00 7.00 8.00 0.00 9.00
4.00 5.00 6.00 0.00 0.00
1.00 2.00 0.00 0.00 3.00
0.00 0.00 0.00 10.00 0.00
11.00 0.00 0.00 0.00 12.00

r:0 2 5 8 9 12
c:0 4 0 1 2 0 1 4 3 1 2 4
v:11.000000 12.000000 4.000000 5.000000 6.000000 1.000000 2.000000 3.000000 10.000000 7.000000 8.000000 9.000000
11.00 0.00 0.00 0.00 12.00
4.00 5.00 6.00 0.00 0.00
1.00 2.00 0.00 0.00 3.00
0.00 0.00 0.00 10.00 0.00
0.00 7.00 8.00 0.00 9.00

11.00 0.00 0.00 0.00 12.00
4.00 5.00 6.00 0.00 0.00
1.00 2.00 0.00 0.00 3.00
0.00 0.00 0.00 10.00 0.00
0.00 7.00 8.00 0.00 9.00

Diff = 0
r:0 2 5 8 11 14
c:0 4 0 1 2 0 1 4 0 3 4 1 2 4
v:11.000000 12.000000 4.000000 5.000000 6.000000 1.000000 2.000000 3.000000 33.000000 10.000000 36.000000 7.000000 8.000
000 9.000000
11.00 0.00 0.00 0.00 12.00
4.00 5.00 6.00 0.00 0.00
1.00 2.00 0.00 0.00 3.00
33.00 0.00 0.00 10.00 36.00
0.00 7.00 8.00 0.00 9.00

11.00 0.00 0.00 0.00 12.00
4.00 5.00 6.00 0.00 0.00
1.00 2.00 0.00 0.00 3.00
33.00 0.00 0.00 10.00 36.00
0.00 7.00 8.00 0.00 9.00

Diff = 0
r:0 2 6 9 12 15
c:0 4 0 1 2 4 0 1 4 0 3 4 1 2 4
v:11.000000 12.000000 4.000000 -25.800001 -29.200001 -39.600002 1.000000 2.000000 3.000000 33.000000 10.000000 36.000000
 7.000000 8.000000 9.000000
11.00 0.00 0.00 0.00 12.00
4.00 -25.80 -29.20 0.00 -39.60
1.00 2.00 0.00 0.00 3.00
33.00 0.00 0.00 10.00 36.00
0.00 7.00 8.00 0.00 9.00

11.00 0.00 0.00 0.00 12.00
4.00 -25.80 -29.20 0.00 -39.60
1.00 2.00 0.00 0.00 3.00
33.00 0.00 0.00 10.00 36.00
0.00 7.00 8.00 0.00 9.00

Diff = 0
Ax=b, diff = 0
